0 0.2088888888888889 0.15166666666666667 0.1111111111111111 0.16333333333333333
0 0.34 0.15 0.10222222222222223 0.15333333333333332
0 0.47 0.155 0.10888888888888888 0.15666666666666668
0 0.5955555555555555 0.14833333333333334 0.10666666666666667 0.15
0 0.73 0.14833333333333334 0.10888888888888888 0.16333333333333333
0 0.8555555555555555 0.15 0.1111111111111111 0.16666666666666666
0 0.2111111111111111 0.4066666666666667 0.1111111111111111 0.16666666666666666
0 0.34 0.4066666666666667 0.10222222222222223 0.15333333333333332
0 0.47 0.40166666666666667 0.10888888888888888 0.15666666666666668
0 0.5988888888888889 0.39666666666666667 0.10444444444444445 0.16
0 0.7277777777777777 0.3933333333333333 0.10888888888888888 0.15333333333333332
0 0.2088888888888889 0.655 0.1111111111111111 0.15666666666666668
0 0.33666666666666667 0.6583333333333333 0.11333333333333333 0.16333333333333333
0 0.46444444444444444 0.655 0.1111111111111111 0.15666666666666668
0 0.5988888888888889 0.6566666666666666 0.12666666666666668 0.16666666666666666
0 0.7244444444444444 0.65 0.10666666666666667 0.15333333333333332
0 0.86 0.6533333333333333 0.1111111111111111 0.16
0 0.20777777777777778 0.905 0.1 0.16333333333333333
0 0.3411111111111111 0.9033333333333333 0.10888888888888888 0.14666666666666667
0 0.4677777777777778 0.9066666666666666 0.11333333333333333 0.15333333333333332
0 0.6011111111111112 0.8983333333333333 0.10888888888888888 0.15666666666666668
0 0.7333333333333333 0.8983333333333333 0.11555555555555555 0.16333333333333333
0 0.8622222222222222 0.9 0.10222222222222223 0.15333333333333332
