0 0.12111111111111111 0.13656387665198239 0.22 0.20704845814977973
0 0.38222222222222224 0.13876651982378854 0.21333333333333335 0.1894273127753304
0 0.6088888888888889 0.13766519823788545 0.18666666666666668 0.2092511013215859
0 0.8633333333333333 0.13105726872246695 0.19777777777777777 0.20484581497797358
0 0.09777777777777778 0.3777533039647577 0.17777777777777778 0.20484581497797358
0 0.3611111111111111 0.381057268722467 0.18444444444444444 0.18502202643171806
0 0.6133333333333333 0.3788546255506608 0.17777777777777778 0.19383259911894274
0 0.8588888888888889 0.3733480176211454 0.1711111111111111 0.1960352422907489
0 0.10222222222222223 0.6233480176211453 0.14666666666666667 0.2026431718061674
0 0.37333333333333335 0.6112334801762115 0.10222222222222223 0.1828193832599119
0 0.6088888888888889 0.6189427312775331 0.19555555555555557 0.17180616740088106
0 0.8633333333333333 0.6145374449339207 0.21555555555555556 0.1894273127753304
0 0.1111111111111111 0.8392070484581498 0.19555555555555557 0.14977973568281938
0 0.3655555555555556 0.8447136563876652 0.19333333333333333 0.1828193832599119
0 0.62 0.8325991189427313 0.15555555555555556 0.1762114537444934
0 0.8655555555555555 0.8458149779735683 0.15333333333333332 0.16740088105726872
