0 0.10714285714285714 0.22514619883040934 0.19387755102040816 0.34502923976608185
0 0.36394557823129253 0.2309941520467836 0.19727891156462585 0.3216374269005848
0 0.6139455782312925 0.24269005847953215 0.19387755102040816 0.3216374269005848
0 0.8571428571428571 0.23976608187134502 0.16326530612244897 0.26900584795321636
0 0.24829931972789115 0.5029239766081871 0.1564625850340136 0.2807017543859649
0 0.4914965986394558 0.5175438596491229 0.13945578231292516 0.28654970760233917
0 0.7517006802721088 0.5146198830409356 0.17006802721088435 0.2807017543859649
0 0.12244897959183673 0.783625730994152 0.21768707482993196 0.29239766081871343
0 0.37244897959183676 0.7807017543859649 0.19387755102040816 0.28654970760233917
0 0.6105442176870748 0.804093567251462 0.19387755102040816 0.27485380116959063
0 0.8690476190476191 0.7865497076023392 0.1870748299319728 0.27485380116959063
