0 0.11029411764705882 0.15405405405405406 0.125 0.16756756756756758
0 0.2702205882352941 0.15945945945945947 0.1213235294117647 0.16756756756756758
0 0.4172794117647059 0.16216216216216217 0.1213235294117647 0.1837837837837838
0 0.5772058823529411 0.15675675675675677 0.11764705882352941 0.15135135135135136
0 0.7352941176470589 0.15675675675675677 0.11029411764705882 0.17297297297297298
0 0.8841911764705882 0.14864864864864866 0.1213235294117647 0.1783783783783784
0 0.10294117647058823 0.3891891891891892 0.125 0.16216216216216217
0 0.2610294117647059 0.3945945945945946 0.11764705882352941 0.14054054054054055
0 0.4172794117647059 0.3891891891891892 0.11397058823529412 0.17297297297297298
0 0.5790441176470589 0.3864864864864865 0.1213235294117647 0.15675675675675677
0 0.7279411764705882 0.3837837837837838 0.11764705882352941 0.16216216216216217
0 0.8878676470588235 0.3810810810810811 0.11397058823529412 0.16756756756756758
0 0.10845588235294118 0.6189189189189189 0.1213235294117647 0.16756756756756758
0 0.26838235294117646 0.6162162162162163 0.125 0.16216216216216217
0 0.41911764705882354 0.6135135135135135 0.125 0.16756756756756758
0 0.5735294117647058 0.6108108108108108 0.125 0.17297297297297298
0 0.7279411764705882 0.6081081081081081 0.125 0.15675675675675677
0 0.8897058823529411 0.6108108108108108 0.125 0.17297297297297298
0 0.10845588235294118 0.845945945945946 0.11397058823529412 0.16756756756756758
0 0.2665441176470588 0.8405405405405405 0.10661764705882353 0.16756756756756758
0 0.4209558823529412 0.8351351351351352 0.10661764705882353 0.15675675675675677
0 0.5735294117647058 0.8405405405405405 0.11029411764705882 0.1783783783783784
0 0.7334558823529411 0.8405405405405405 0.11397058823529412 0.15675675675675677
0 0.8841911764705882 0.8378378378378378 0.11397058823529412 0.17297297297297298
