0 0.094375 0.18405172413793103 0.12375 0.08362068965517241
0 0.295 0.18318965517241378 0.115 0.0939655172413793
0 0.49125 0.18189655172413793 0.13 0.07931034482758621
0 0.705 0.1853448275862069 0.135 0.08620689655172414
0 0.91375 0.19008620689655173 0.1275 0.07672413793103448
0 0.105625 0.34870689655172415 0.12375 0.09224137931034483
0 0.298125 0.3607758620689655 0.13125 0.0853448275862069
0 0.486875 0.34870689655172415 0.12125 0.09568965517241379
0 0.70625 0.36379310344827587 0.14 0.08793103448275862
0 0.9 0.35344827586206895 0.1275 0.09655172413793103
0 0.09 0.525 0.1525 0.10344827586206896
0 0.295625 0.5331896551724138 0.15625 0.09224137931034483
0 0.4775 0.5262931034482758 0.16 0.1060344827586207
0 0.689375 0.5228448275862069 0.13375 0.09913793103448276
0 0.9025 0.5228448275862069 0.14 0.0939655172413793
0 0.0875 0.6974137931034483 0.13 0.09655172413793103
0 0.2975 0.6931034482758621 0.17 0.09655172413793103
0 0.4975 0.6982758620689655 0.15 0.0896551724137931
0 0.691875 0.6952586206896552 0.15625 0.08362068965517241
0 0.9025 0.6952586206896552 0.13 0.08706896551724137
0 0.080625 0.8663793103448276 0.12625 0.07931034482758621
0 0.28125 0.8543103448275862 0.1425 0.0896551724137931
0 0.49375 0.8594827586206897 0.14 0.09655172413793103
0 0.721875 0.85 0.12375 0.09827586206896552
0 0.910625 0.8573275862068965 0.13375 0.07844827586206897
