0 0.05823529411764706 0.06708407871198568 0.08352941176470588 0.10196779964221825
0 0.17 0.07334525939177101 0.07176470588235294 0.09302325581395349
0 0.2823529411764706 0.0778175313059034 0.06823529411764706 0.09123434704830054
0 0.39176470588235296 0.07513416815742398 0.08 0.07871198568872988
0 0.5070588235294118 0.07692307692307693 0.07294117647058823 0.09660107334525939
0 0.6129411764705882 0.0706618962432916 0.07058823529411765 0.09481216457960644
0 0.7258823529411764 0.0706618962432916 0.07529411764705882 0.08765652951699464
0 0.84 0.07334525939177101 0.07294117647058823 0.08944543828264759
0 0.9523529411764706 0.07513416815742398 0.06 0.08944543828264759
0 0.058823529411764705 0.2039355992844365 0.07058823529411765 0.09302325581395349
0 0.17058823529411765 0.19767441860465115 0.07764705882352942 0.08765652951699464
0 0.28294117647058825 0.1967799642218247 0.05058823529411765 0.08944543828264759
0 0.3952941176470588 0.20214669051878353 0.07058823529411765 0.09660107334525939
0 0.5041176470588236 0.19588550983899822 0.06 0.08765652951699464
0 0.6158823529411764 0.19588550983899822 0.07176470588235294 0.09481216457960644
0 0.7258823529411764 0.19409660107334525 0.06823529411764706 0.09481216457960644
0 0.8411764705882353 0.19588550983899822 0.08941176470588236 0.08765652951699464
0 0.9470588235294117 0.19946332737030412 0.058823529411764705 0.10196779964221825
0 0.052941176470588235 0.3228980322003578 0.0611764705882353 0.06976744186046512
0 0.16705882352941176 0.33094812164579607 0.06588235294117648 0.07513416815742398
0 0.28352941176470586 0.32558139534883723 0.05411764705882353 0.07513416815742398
0 0.3947058823529412 0.3211091234347048 0.05058823529411765 0.0626118067978533
0 0.5029411764705882 0.3211091234347048 0.052941176470588235 0.059033989266547404
0 0.6229411764705882 0.32468694096601075 0.041176470588235294 0.0626118067978533
0 0.7294117647058823 0.32558139534883723 0.03764705882352941 0.06440071556350627
0 0.8394117647058823 0.3184257602862254 0.04588235294117647 0.057245080500894455
0 0.9535294117647058 0.3184257602862254 0.06 0.08586762075134168
0 0.057058823529411766 0.4400715563506261 0.052941176470588235 0.07871198568872988
0 0.16705882352941176 0.4418604651162791 0.06588235294117648 0.07513416815742398
0 0.2811764705882353 0.4445438282647585 0.05411764705882353 0.08765652951699464
0 0.39294117647058824 0.44633273703041143 0.0611764705882353 0.08407871198568873
0 0.5088235294117647 0.44543828264758495 0.05764705882352941 0.08228980322003578
0 0.6170588235294118 0.44543828264758495 0.052941176470588235 0.07513416815742398
0 0.731764705882353 0.44543828264758495 0.05647058823529412 0.07513416815742398
0 0.8364705882352941 0.44633273703041143 0.05411764705882353 0.07692307692307693
0 0.9535294117647058 0.4472271914132379 0.08588235294117647 0.07513416815742398
0 0.05823529411764706 0.5724508050089445 0.04823529411764706 0.09302325581395349
0 0.17 0.5733452593917711 0.06 0.10196779964221825
0 0.28411764705882353 0.5715563506261181 0.04352941176470588 0.09838998211091235
0 0.38823529411764707 0.5742397137745975 0.10352941176470588 0.05366726296958855
0 0.5058823529411764 0.5724508050089445 0.047058823529411764 0.07871198568872988
0 0.6252941176470588 0.575134168157424 0.06941176470588235 0.07692307692307693
0 0.7294117647058823 0.5724508050089445 0.03764705882352941 0.08228980322003578
0 0.84 0.5760286225402504 0.06352941176470588 0.09660107334525939
0 0.9382352941176471 0.5724508050089445 0.07176470588235294 0.1037567084078712
0 0.057058823529411766 0.6940966010733453 0.0811764705882353 0.1073345259391771
0 0.16411764705882353 0.6940966010733453 0.07647058823529412 0.09302325581395349
0 0.2788235294117647 0.6905187835420393 0.06588235294117648 0.06797853309481217
0 0.3952941176470588 0.6923076923076923 0.05411764705882353 0.11091234347048301
0 0.5029411764705882 0.6914132379248659 0.08588235294117647 0.09481216457960644
0 0.6170588235294118 0.6914132379248659 0.06941176470588235 0.09838998211091235
0 0.7270588235294118 0.6958855098389982 0.047058823529411764 0.1037567084078712
0 0.8376470588235294 0.6958855098389982 0.08 0.09660107334525939
0 0.9458823529411765 0.6976744186046512 0.08470588235294117 0.1001788908765653
0 0.05588235294117647 0.8193202146690519 0.07176470588235294 0.09302325581395349
0 0.16470588235294117 0.817531305903399 0.08235294117647059 0.1001788908765653
0 0.28705882352941176 0.8220035778175313 0.0611764705882353 0.08765652951699464
0 0.38823529411764707 0.8202146690518783 0.06352941176470588 0.11270125223613596
0 0.5029411764705882 0.8193202146690519 0.041176470588235294 0.09302325581395349
0 0.6129411764705882 0.8237924865831843 0.08705882352941176 0.09481216457960644
0 0.7288235294117648 0.8211091234347049 0.07882352941176471 0.08586762075134168
0 0.8382352941176471 0.8184257602862254 0.07176470588235294 0.09838998211091235
0 0.9470588235294117 0.8166368515205724 0.0611764705882353 0.09481216457960644
0 0.0611764705882353 0.9463327370304114 0.05411764705882353 0.1037567084078712
0 0.16411764705882353 0.9427549194991055 0.07647058823529412 0.1001788908765653
0 0.27647058823529413 0.9427549194991055 0.08 0.09660107334525939
0 0.3941176470588235 0.9445438282647585 0.08 0.07871198568872988
