0 0.1111111111111111 0.10191082802547771 0.08 0.15286624203821655
0 0.2677777777777778 0.1035031847133758 0.06888888888888889 0.13694267515923567
0 0.4222222222222222 0.10668789808917198 0.08888888888888889 0.1305732484076433
0 0.5733333333333334 0.11464968152866242 0.1111111111111111 0.12738853503184713
0 0.7311111111111112 0.11305732484076433 0.08888888888888889 0.14968152866242038
0 0.8688888888888889 0.1035031847133758 0.08444444444444445 0.14968152866242038
0 0.11444444444444445 0.34076433121019106 0.14888888888888888 0.18471337579617833
0 0.2633333333333333 0.34554140127388533 0.14 0.18152866242038215
0 0.41555555555555557 0.339171974522293 0.13333333333333333 0.20063694267515925
0 0.5666666666666667 0.34554140127388533 0.14666666666666667 0.20063694267515925
0 0.7244444444444444 0.34554140127388533 0.14222222222222222 0.2070063694267516
0 0.8777777777777778 0.339171974522293 0.1288888888888889 0.20063694267515925
0 0.1111111111111111 0.5764331210191083 0.13333333333333333 0.19745222929936307
0 0.2644444444444444 0.5764331210191083 0.1288888888888889 0.17834394904458598
0 0.42 0.5780254777070064 0.13333333333333333 0.18789808917197454
0 0.5666666666666667 0.5764331210191083 0.1288888888888889 0.17197452229299362
0 0.7222222222222222 0.5732484076433121 0.13777777777777778 0.21019108280254778
0 0.8733333333333333 0.5748407643312102 0.1288888888888889 0.20063694267515925
0 0.10555555555555556 0.8168789808917197 0.14444444444444443 0.18789808917197454
0 0.26222222222222225 0.8089171974522293 0.13777777777777778 0.17834394904458598
0 0.41888888888888887 0.8136942675159236 0.13111111111111112 0.20063694267515925
0 0.5688888888888889 0.8121019108280255 0.13333333333333333 0.17834394904458598
0 0.7211111111111111 0.8089171974522293 0.14444444444444443 0.1910828025477707
0 0.8766666666666667 0.8073248407643312 0.12666666666666668 0.2070063694267516
