0 0.11444444444444445 0.10683760683760683 0.15333333333333332 0.14102564102564102
0 0.31 0.10256410256410256 0.14888888888888888 0.14102564102564102
0 0.5011111111111111 0.09829059829059829 0.14888888888888888 0.1452991452991453
0 0.6922222222222222 0.08867521367521368 0.14888888888888888 0.14316239316239315
0 0.8833333333333333 0.09294871794871795 0.13555555555555557 0.1346153846153846
0 0.1111111111111111 0.2938034188034188 0.1511111111111111 0.14743589743589744
0 0.3055555555555556 0.2938034188034188 0.15333333333333332 0.14316239316239315
0 0.5 0.2916666666666667 0.14666666666666667 0.14316239316239315
0 0.6922222222222222 0.2938034188034188 0.15333333333333332 0.1346153846153846
0 0.8833333333333333 0.28952991452991456 0.14888888888888888 0.1346153846153846
0 0.11222222222222222 0.4829059829059829 0.14 0.14102564102564102
0 0.30777777777777776 0.47649572649572647 0.14 0.13247863247863248
0 0.5022222222222222 0.48504273504273504 0.13777777777777778 0.13675213675213677
0 0.6888888888888889 0.47863247863247865 0.14222222222222222 0.13675213675213677
0 0.8833333333333333 0.4807692307692308 0.14444444444444443 0.14102564102564102
0 0.11333333333333333 0.6784188034188035 0.15555555555555556 0.1346153846153846
0 0.30444444444444446 0.6752136752136753 0.14666666666666667 0.13675213675213677
0 0.4988888888888889 0.6794871794871795 0.13555555555555557 0.13247863247863248
0 0.69 0.6773504273504274 0.14 0.14102564102564102
0 0.11444444444444445 0.8611111111111112 0.14444444444444443 0.14102564102564102
0 0.3022222222222222 0.8611111111111112 0.13777777777777778 0.14102564102564102
0 0.5011111111111111 0.8589743589743589 0.13555555555555557 0.14102564102564102
0 0.69 0.8600427350427351 0.14 0.1388888888888889
