0 0.41484375 0.26197916666666665 0.0296875 0.015625
0 0.378125 0.26197916666666665 0.015625 0.015625
0 0.394921875 0.25885416666666666 0.00546875 0.013541666666666667
0 0.616015625 0.25364583333333335 0.02421875 0.019791666666666666
0 0.594140625 0.25364583333333335 0.01171875 0.015625
0 0.691015625 0.2515625 0.01015625 0.019791666666666666
0 0.71015625 0.24895833333333334 0.015625 0.010416666666666666
0 0.73203125 0.24635416666666668 0.028125 0.019791666666666666
0 0.837109375 0.24010416666666667 0.01796875 0.011458333333333333
0 0.29609375 0.2677083333333333 0.0125 0.0125
0 0.31484375 0.2609375 0.0140625 0.013541666666666667
