0 0.08877131099353322 0.14673311184939092 0.07407407407407407 0.07862679955703211
0 0.18195179306290418 0.14673311184939092 0.052322163433274546 0.06976744186046512
0 0.2710170487948266 0.14562569213732005 0.06231628453850676 0.09413067552602436
0 0.3680188124632569 0.14673311184939092 0.0564373897707231 0.10077519379844961
0 0.4520870076425632 0.14894795127353266 0.048206937095825984 0.09634551495016612
0 0.5379188712522046 0.14673311184939092 0.048206937095825984 0.08305647840531562
0 0.6340388007054674 0.14673311184939092 0.047619047619047616 0.08305647840531562
0 0.7231040564373897 0.1478405315614618 0.04585537918871252 0.08527131782945736
0 0.8130511463844797 0.1434108527131783 0.0376249265138154 0.08527131782945736
0 0.9021164021164021 0.14451827242524917 0.04409171075837742 0.07419712070874862
0 0.08788947677836567 0.2840531561461794 0.04409171075837742 0.08084163898117387
0 0.18518518518518517 0.29069767441860467 0.04585537918871252 0.06755260243632337
0 0.2718988830099941 0.29069767441860467 0.04409171075837742 0.07198228128460686
0 0.3609641387419165 0.28959025470653377 0.042328042328042326 0.07862679955703211
0 0.45120517342739563 0.29512735326688816 0.04997060552616108 0.08084163898117387
0 0.5440917107583775 0.296234772978959 0.027630805408583186 0.10077519379844961
0 0.6328630217519107 0.2884828349944629 0.029982363315696647 0.08970099667774087
0 0.721928277483833 0.2862679955703212 0.0564373897707231 0.05426356589147287
0 0.8130511463844797 0.2851605758582503 0.07760141093474426 0.047619047619047616
0 0.9129923574368018 0.2862679955703212 0.06584362139917696 0.04540420819490587
0 0.09700176366843033 0.4318936877076412 0.07054673721340388 0.06201550387596899
0 0.18400940623162845 0.42857142857142855 0.06819517930629042 0.06866002214839424
0 0.2698412698412698 0.42967884828349945 0.03997648442092887 0.07087486157253599
0 0.36684303350970016 0.4318936877076412 0.04585537918871252 0.0664451827242525
0 0.45296884185773073 0.4318936877076412 0.03350970017636684 0.0664451827242525
0 0.5399764844209288 0.4318936877076412 0.04409171075837742 0.0753045404208195
0 0.6390358612580834 0.4330011074197121 0.06584362139917696 0.05537098560354374
0 0.7269253380364491 0.4330011074197121 0.04997060552616108 0.08194905869324474
0 0.8142269253380364 0.4274640088593577 0.03997648442092887 0.0753045404208195
0 0.9079952968841858 0.4318936877076412 0.047619047619047616 0.05758582502768549
0 0.10199882422104645 0.5769656699889258 0.0805408583186361 0.05758582502768549
0 0.18195179306290418 0.5764119601328903 0.04409171075837742 0.08305647840531562
0 0.270135214579659 0.570874861572536 0.06407995296884186 0.09413067552602436
0 0.36213991769547327 0.5692137320044297 0.06819517930629042 0.05094130675526024
0 0.4588477366255144 0.5775193798449613 0.041740152851263965 0.08084163898117387
0 0.5440917107583775 0.5725359911406424 0.06760728982951206 0.053156146179401995
0 0.631981187536743 0.5730897009966778 0.036449147560258674 0.08527131782945736
0 0.716931216931217 0.574750830564784 0.04644326866549089 0.07087486157253599
0 0.8171663727219283 0.5719822812846068 0.04585537918871252 0.08305647840531562
0 0.9118165784832452 0.5719822812846068 0.048206937095825984 0.09191583610188261
0 0.09905937683715461 0.7093023255813954 0.03821281599059377 0.08527131782945736
0 0.18606701940035272 0.7126245847176079 0.04409171075837742 0.06090808416389812
0 0.2648442092886537 0.7059800664451827 0.06172839506172839 0.09191583610188261
0 0.36390358612580836 0.7048726467331119 0.048206937095825984 0.09856035437430787
0 0.4620811287477954 0.7037652270210409 0.059964726631393295 0.05647840531561462
0 0.5420340975896532 0.7115171650055371 0.07172251616696061 0.08970099667774087
0 0.6369782480893592 0.7093023255813954 0.06643151087595532 0.08527131782945736
0 0.7228101116990006 0.7159468438538206 0.0582010582010582 0.08527131782945736
0 0.8171663727219283 0.7225913621262459 0.05408583186360964 0.08970099667774087
0 0.9059376837154615 0.7192691029900332 0.05173427395649618 0.12292358803986711
0 0.09876543209876543 0.8510520487264673 0.05408583186360964 0.07419712070874862
0 0.18812463256907702 0.85437430786268 0.059964726631393295 0.09413067552602436
0 0.2698412698412698 0.8521594684385382 0.05173427395649618 0.07641196013289037
0 0.3700764256319812 0.8521594684385382 0.047619047619047616 0.04983388704318937
0 0.4438565549676661 0.8554817275747508 0.03997648442092887 0.08748615725359911
0 0.5361552028218695 0.8488372093023255 0.031746031746031744 0.09634551495016612
0 0.6290417401528513 0.8510520487264673 0.042328042328042326 0.07862679955703211
0 0.733098177542622 0.8554817275747508 0.042328042328042326 0.08748615725359911
0 0.8068783068783069 0.8554817275747508 0.0582010582010582 0.08305647840531562
0 0.9050558495002939 0.8565891472868217 0.04997060552616108 0.06755260243632337
